0xdc00000,0xee00000,1,2,1,2,1,2,1,2,1,2,1,2,1,2,3,2
0xa000000,0xae00000,1,2,1,2,1,2,1,2,1,2,1,2,1,2,3,2
0xa00000,0x1e00000,1,2,1,2,1,2,1,2,1,2,1,2,1,2,3,2
0x10000000,0x10e00000,1,2,1,2,1,2,1,2,1,2,1,2,1,2,3,2
0x7000000,0x7e00000,1,2,1,2,1,2,1,2,1,2,1,2,1,2,3,2
0x9000000,0x9200000,1,2,1,2,1,2,1,2,1,2,1,2,1,2,3,2
0xa400000,0xa600000,1,2,1,2,1,2,1,2,1,2,1,2,1,2,3,2
0xb600000,0xba00000,1,2,1,2,1,2,1,2,1,2,1,2,1,2,3,2
0xcc00000,0xce00000,1,2,1,2,1,2,1,2,1,2,1,2,1,2,3,2
0x000000000000,0xffffffffffff,1,2,3,2,3,2,3,2,3,2,1,2,1,2,1,2
