0xde00000,0xe800000,1,2,1,2,1,2,1,2,1,2,1,2,1,2,3,2
0xa000000,0xaa00000,1,2,1,2,1,2,1,2,1,2,1,2,1,2,3,2
0x2c00000,0x2e00000,1,2,1,2,1,2,1,2,1,2,1,2,1,2,3,2
0x4000000,0x4200000,1,2,1,2,1,2,1,2,1,2,1,2,1,2,3,2
0x7c00000,0x7e00000,1,2,1,2,1,2,1,2,1,2,1,2,1,2,3,2
0x9000000,0x9200000,1,2,1,2,1,2,1,2,1,2,1,2,1,2,3,2
0xa400000,0xa600000,1,2,1,2,1,2,1,2,1,2,1,2,1,2,3,2
0xb600000,0xba00000,1,2,1,2,1,2,1,2,1,2,1,2,1,2,3,2
0xcc00000,0xce00000,1,2,1,2,1,2,1,2,1,2,1,2,1,2,3,2
0x000000000000,0xffffffffffff,1,2,1,2,3,2,1,2,1,2,1,2,1,2,1,2
