0x400000,0x600000,1,2,1,2,1,2,1,2,1,2,1,2,1,2,3,2
0x1800000,0x1a00000,1,2,1,2,1,2,1,2,1,2,1,2,1,2,3,2
0x2c00000,0x2e00000,1,2,1,2,1,2,1,2,1,2,1,2,1,2,3,2
0x4000000,0x4200000,1,2,1,2,1,2,1,2,1,2,1,2,1,2,3,2
0x7c00000,0x7e00000,1,2,1,2,1,2,1,2,1,2,1,2,1,2,3,2
0x9000000,0x9200000,1,2,1,2,1,2,1,2,1,2,1,2,1,2,3,2
0xa400000,0xa600000,1,2,1,2,1,2,1,2,1,2,1,2,1,2,3,2
0xb800000,0xba00000,1,2,1,2,1,2,1,2,1,2,1,2,1,2,3,2
0xcc00000,0xce00000,1,2,1,2,1,2,1,2,1,2,1,2,1,2,3,2
0x000000000000,0xffffffffffff,1,2,1,2,1,2,1,2,1,2,1,2,1,2,1,2
