0xaaaaab0a0000,0xaaaaac600000,1,2,1,2,1,2,1,2,1,2,1,2,1,2,3,2
0xaaaaba000000,0xaaaaba800000,1,2,1,2,1,2,1,2,1,2,1,2,1,2,3,2
0xaaaab6000000,0xaaaab6800000,1,2,1,2,1,2,1,2,1,2,1,2,1,2,3,2
0xaaaab8000000,0xaaaab8800000,1,2,1,2,1,2,1,2,1,2,1,2,1,2,3,2
0xaaaabc000000,0xaaaabc800000,1,2,1,2,1,2,1,2,1,2,1,2,1,2,3,2
0xaaaabe000000,0xaaaabe800000,1,2,1,2,1,2,1,2,1,2,1,2,1,2,3,2
0xaaaab0000000,0xaaaab0800000,1,2,1,2,1,2,1,2,1,2,1,2,1,2,3,2
0xaaaab2000000,0xaaaab2800000,1,2,1,2,1,2,1,2,1,2,1,2,1,2,3,2
0xaaaab4000000,0xaaaab4800000,1,2,1,2,1,2,1,2,1,2,1,2,1,2,3,2
0xaaaaaaaa0000,0xfffff8000000,1,2,1,2,1,2,1,2,1,2,1,2,1,2,3,2
