0xfffff6800000,0xfffff7c00000,1,2,1,2,1,2,1,2,1,2,1,2,1,2,3,2
0xfffff2000000,0xfffff6800000,3,2,3,2,3,2,3,2,3,2,1,2,1,2,1,2
0xfff633a00000,0xfffebf200000,1,2,1,2,3,2,1,2,1,2,1,2,1,2,1,2
0xfff633a00000,0xfffebf200000,1,2,1,2,3,2,1,2,1,2,1,2,1,2,1,2
0xfff633a00000,0xfffebf200000,1,2,1,2,3,2,1,2,1,2,1,2,1,2,1,2
0xfff633a00000,0xfffebf200000,1,2,1,2,3,2,1,2,1,2,1,2,1,2,1,2
0xfff633a00000,0xfffebf200000,1,2,1,2,3,2,1,2,1,2,1,2,1,2,1,2
0xfff633a00000,0xfffebf200000,1,2,1,2,3,2,1,2,1,2,1,2,1,2,1,2
0xfff633a00000,0xfffebf200000,1,2,1,2,3,2,1,2,1,2,1,2,1,2,1,2
0xfff633a00000,0xfffebf200000,3,2,3,2,3,2,3,2,3,2,1,2,1,2,1,2

