0xfffebf400000,0xfffff7c00000,1,2,1,2,1,2,1,2,1,2,1,2,1,2,3,2
0xfff633c00000,0xfffebf400000,3,2,3,2,3,2,3,2,3,2,3,2,3,2,1,2
0xfff633a00000,0xfffebf200000,1,2,1,2,3,2,1,2,1,2,1,2,1,2,1,2
0xfff633a00000,0xfffebf200000,1,2,1,2,3,2,1,2,1,2,1,2,1,2,1,2
0xfff633a00000,0xfffebf200000,1,2,1,2,3,2,1,2,1,2,1,2,1,2,1,2
0xfff633a00000,0xfffebf200000,1,2,1,2,3,2,1,2,1,2,1,2,1,2,1,2
0xfff633a00000,0xfffebf200000,1,2,1,2,3,2,1,2,1,2,1,2,1,2,1,2
0xfff633a00000,0xfffebf200000,1,2,1,2,3,2,1,2,1,2,1,2,1,2,1,2
0xfff633a00000,0xfffebf200000,1,2,1,2,3,2,1,2,1,2,1,2,1,2,1,2
0xfff633a00000,0xfffebf200000,3,2,3,2,3,2,3,2,3,2,1,2,1,2,1,2

