0xaaaaaaaa0000,0xaaaaac2a0000,17,169,17,169,17,169,17,169,17,169,17,169,17,169,170,169
0xffffe8600000,0xfffff5600000,17,169,17,169,17,169,17,169,17,169,17,169,17,169,170,169
0x7ffe65502000,0x7ffe65506000,17,169,17,169,17,169,17,169,17,169,17,169,17,169,17,169
0x7ffe65502000,0x7ffe65506000,17,169,17,169,17,169,17,169,17,169,17,169,17,169,17,169
0x7ffe65502000,0x7ffe65506000,17,169,17,169,17,169,17,169,17,169,17,169,17,169,17,169
0x7ffe65502000,0x7ffe65506000,17,169,17,169,17,169,17,169,17,169,17,169,17,169,17,169
0x7ffe65502000,0x7ffe65506000,17,169,17,169,17,169,17,169,17,169,17,169,17,169,17,169
0x7ffe65502000,0x7ffe65506000,17,169,17,169,17,169,17,169,17,169,17,169,17,169,17,169
0x7ffe65502000,0x7ffe65506000,17,169,17,169,17,169,17,169,17,169,17,169,17,169,17,169
0x7ffe65502000,0x7ffe65506000,17,169,17,169,17,169,17,169,17,169,17,169,17,169,17,169
