0x03000000,0x03e00000,1,2,1,2,1,2,1,2,1,2,1,2,1,2,3,2
0x04000000,0x04e00000,1,2,1,2,1,2,1,2,1,2,1,2,1,2,3,2
0x05000000,0x05e00000,1,2,1,2,1,2,1,2,1,2,1,2,1,2,3,2
0x07000000,0x07e00000,1,2,1,2,1,2,1,2,1,2,1,2,1,2,3,2
0x00600000,0x006e0000,1,2,1,2,1,2,1,2,1,2,1,2,1,2,3,2
0x00720000,0xfffebf200000,1,2,1,2,3,2,3,2,3,2,1,2,1,2,1,2
0x4000000,0xfffebf200000,1,2,1,2,3,2,3,2,3,2,1,2,1,2,1,2
0x7400000,0xfffebf200000,1,2,1,2,3,2,1,2,1,2,1,2,1,2,1,2
0x000001,0xffffffff0000,3,2,3,2,3,2,3,2,3,2,3,2,1,2,1,2
0xfff633a00000,0xfffebf200000,3,2,3,2,3,2,3,2,3,2,1,2,1,2,1,2
