0x1ffe65502000,0xfffffffff000,17,169,17,169,17,169,17,169,17,169,17,169,17,169,170,169
0x7ffe65502000,0x7ffe65506000,17,169,17,169,17,169,17,169,17,169,17,169,17,169,17,169
0x7ffe65502000,0x7ffe65506000,17,169,17,169,17,169,17,169,17,169,17,169,17,169,17,169
0x7ffe65502000,0x7ffe65506000,17,169,17,169,17,169,17,169,17,169,17,169,17,169,17,169
0x7ffe65502000,0x7ffe65506000,17,169,17,169,17,169,17,169,17,169,17,169,17,169,17,169
0x7ffe65502000,0x7ffe65506000,17,169,17,169,17,169,17,169,17,169,17,169,17,169,17,169
0x7ffe65502000,0x7ffe65506000,17,169,17,169,17,169,17,169,17,169,17,169,17,169,17,169
0x7ffe65502000,0x7ffe65506000,17,169,17,169,17,169,17,169,17,169,17,169,17,169,17,169
0x7ffe65502000,0x7ffe65506000,17,169,17,169,17,169,17,169,17,169,17,169,17,169,17,169
0x7ffe65502000,0x7ffe65506000,17,169,17,169,17,169,17,169,17,169,17,169,17,169,17,169
