0x7ffe65502000,0x7ffe65506000,17,169,182,169,191,169,15,169
0x7ffe65502000,0x7ffe65506000,17,169,17,169,17,169,17,169
0x7ffe65502000,0x7ffe65506000,17,169,17,169,17,169,17,169
0x7ffe65502000,0x7ffe65506000,17,169,17,169,17,169,17,169
0x7ffe65502000,0x7ffe65506000,17,169,17,169,17,169,17,169
0x7ffe65502000,0x7ffe65506000,17,169,17,169,17,169,17,169
0x7ffe65502000,0x7ffe65506000,17,169,17,169,17,169,17,169
0x7ffe65502000,0x7ffe65506000,17,169,17,169,17,169,17,169
0x7ffe65502000,0x7ffe65506000,17,169,17,169,17,169,17,169
0x7ffe65502000,0x7ffe65506000,17,169,17,169,17,169,17,169
